3890859 2762958 4037927 2985317
671793 1531646 351996 1184837
3699203 3052069 4037927 2985317
3969720 629205 4285415 81270
41343 57178 351996 1184837
2135702 1658955 1295288 2000000
24022 1500343 351996 1184837
3040604 3457552 2994959 4070511
357905 3997215 -101509 3502675
117943 3670308 -101509 3502675
841852 702520 351996 1184837
3425318 3984088 2994959 4070511
3825628 3589947 4299658 3299020
2745170 139176 4285415 81270
878421 2039332 1295288 2000000
1736736 811875 1295288 2000000
180028 2627284 -101509 3502675
3957016 2468479 3640739 2511853
3227780 2760865 3640739 2511853
1083678 2357766 1295288 2000000
1336681 2182469 1295288 2000000
3332913 1556848 3640739 2511853
3663725 2525708 3640739 2511853
2570900 2419316 3640739 2511853
1879148 3584980 2994959 4070511
3949871 2889309 4037927 2985317